张三 032201 85 90 95 
李四 032202 80 92 88 
王五 032203 78 85 90 
赵六 032204 92 88 93 
陈七 032205 85 90 88 
刘八 032206 88 85 92 
吴九 032207 90 92 80 
孙十 032208 86 87 95 
周十一 032209 92 90 88 
钱十二 032210 78 85 92 
李十三 032211 88 90 85 
张十四 032212 90 92 87 
王十五 032213 85 88 90 
赵十六 032214 87 85 93 
陈十七 032215 92 90 88 
刘十八 032216 80 85 90 
吴十九 032217 85 88 92 
孙二十 032218 88 90 85 
周二十一 032219 90 92 87 
钱二十二 032220 92 85 88 
李二十三 032221 85 87 92 
张二十四 032222 88 90 85 
王二十五 032223 90 85 88 
赵二十六 032224 85 92 90 
陈二十七 032225 92 88 85 
刘二十八 032226 85 90 87 
吴二十九 032227 90 85 92 
孙三十 032228 88 92 85 
周三十一 032229 92 85 90 
钱三十二 032230 85 90 88 
李三十三 032231 90 88 85 
张三十四 032232 87 85 92 
王三十五 032233 85 92 90 
赵三十六 032234 92 85 88 
陈三十七 032235 85 88 92 
刘三十八 032236 90 85 90 
吴三十九 032237 88 92 85 
孙四十 032238 85 90 87 
周四十一 032239 90 87 85 
钱四十二 032240 92 85 90 
李四十三 032241 85 90 92 
张四十四 032242 90 92 85 
王四十五 032243 88 85 90 
赵四十六 032244 85 90 92 
陈四十七 032245 92 88 85 
刘四十八 032246 85 92 90 
吴四十九 032247 88 85 88 
孙五十 032248 90 90 85 
周五十一 032249 92 85 90 
钱五十二 032250 85 90 92 
李五十三 032251 90 92 85 
张五十四 032252 88 85 90 
王五十五 032253 85 90 92 
赵五十六 032254 92 88 85 
陈五十七 032255 85 92 90 
刘五十八 032256 90 85 88 
吴五十九 032257 88 90 92 
孙六十 032258 85 88 85 
周六十一 032259 90 92 90 
钱六十二 032260 92 85 88 
李六十三 032261 85 90 85 
张六十四 032262 88 85 92 
王六十五 032263 85 92 90 
赵六十六 032264 92 85 88 
陈六十七 032265 85 88 92 
刘六十八 032266 90 85 90 
吴六十九 032267 88 90 85 
孙七十 032268 85 92 90 
